bin center	omega	        hist_DD	        hist_DR	        hist_RR
 0.125	       1.562482	          49934	          15150	          34906
 0.375	       0.365263	          62044	          45282	          44932
 0.625	       0.210239	          91220	          75369	          75362
 0.875	       0.152391	         120642	         104773	         104888
 1.125	       0.093435	         148228	         134901	         134104
 1.375	       0.057575	         173760	         164500	         164724
 1.625	       0.047662	         202540	         193123	         192900
 1.875	       0.026901	         228794	         221472	         220070
 2.125	       0.025578	         256208	         250051	         250296
 2.375	       0.022671	         284648	         278293	         278246
 2.625	       0.006583	         310174	         306446	         304724
 2.875	       0.008545	         338782	         334614	         333294
 3.125	       0.004787	         366698	         362763	         360554
 3.375	       0.002635	         393396	         390887	         389404
 3.625	       0.000111	         419034	         416317	         413646
 3.875	       0.002095	         447448	         443768	         441012
 4.125	      -0.006190	         472378	         471879	         468480
 4.375	      -0.011162	         501852	         499424	         491510
 4.625	      -0.004876	         528496	         524114	         517210
 4.875	       0.000492	         556666	         550377	         544356
 5.125	       0.005789	         583852	         575276	         570000
 5.375	       0.012953	         612302	         599375	         594144
 5.625	       0.007743	         637358	         625990	         619418
 5.875	       0.009747	         662514	         650982	         645744
 6.125	       0.006673	         686732	         675318	         668364
 6.375	       0.004649	         707306	         698976	         693872
 6.625	       0.005130	         730894	         723631	         720062
 6.875	      -0.000432	         751024	         746066	         740788
 7.125	       0.001307	         780128	         772029	         764930
 7.375	       0.004293	         806110	         794984	         787238
 7.625	      -0.004222	         828072	         820312	         809136
 7.875	      -0.003982	         846574	         841327	         832764
 8.125	      -0.004511	         869866	         863601	         853486
 8.375	      -0.002540	         894346	         886033	         875496
 8.625	      -0.003544	         918954	         910512	         898884
 8.875	      -0.001685	         940494	         930391	         918740
 9.125	      -0.006744	         962088	         953364	         938312
 9.375	      -0.007723	         980972	         975103	         961806
 9.625	      -0.004342	        1007334	         995913	         980236
 9.875	      -0.007824	        1024042	        1016969	        1002056
10.125	      -0.002975	        1049096	        1035940	        1019750
10.375	      -0.002234	        1069424	        1055175	        1038606
10.625	       0.002140	        1090944	        1074243	        1059810
10.875	       0.007063	        1109508	        1091745	        1081622
11.125	      -0.002464	        1125816	        1114217	        1099908
11.375	      -0.002776	        1145626	        1132417	        1116110
11.625	       0.001194	        1169154	        1151943	        1136088
11.875	      -0.004817	        1182206	        1171477	        1155184
12.125	       0.000109	        1206100	        1189319	        1172666
12.375	      -0.000714	        1220570	        1206979	        1192536
12.625	       0.000099	        1241298	        1226945	        1212712
12.875	       0.002006	        1260960	        1242442	        1226384
13.125	       0.003234	        1277868	        1260321	        1246806
13.375	       0.005699	        1296958	        1277784	        1265824
13.625	       0.004319	        1317428	        1295501	        1279098
13.875	       0.001413	        1332410	        1312343	        1294104
14.125	       0.002793	        1349590	        1329209	        1312494
14.375	      -0.001139	        1364368	        1346798	        1327716
14.625	      -0.003965	        1379190	        1364317	        1344114
14.875	      -0.001183	        1398566	        1379565	        1358956
15.125	       0.000719	        1415278	        1393818	        1373346
15.375	      -0.001349	        1429274	        1409234	        1387322
15.625	       0.007806	        1453454	        1425572	        1408686
15.875	       0.005236	        1463346	        1438975	        1422050
16.125	       0.008658	        1480064	        1453384	        1439164
16.375	       0.001399	        1494430	        1471168	        1449934
16.625	       0.003336	        1512224	        1486192	        1465048
16.875	       0.001715	        1525998	        1500453	        1477442
17.125	       0.008707	        1542542	        1510530	        1491504
17.375	      -0.001884	        1552606	        1530807	        1506170
17.625	       0.001165	        1562668	        1540092	        1519286
17.875	       0.001964	        1580934	        1555945	        1533968
18.125	       0.010337	        1598446	        1565263	        1548082
18.375	       0.003697	        1612384	        1582269	        1557914
18.625	      -0.001323	        1624916	        1596856	        1566724
18.875	       0.002786	        1635472	        1607234	        1583408
19.125	       0.001818	        1649734	        1619482	        1592124
19.375	       0.004479	        1663322	        1630401	        1604668
19.625	       0.002399	        1674994	        1644139	        1617164
19.875	      -0.000348	        1682786	        1655198	        1627044
20.125	      -0.000594	        1693962	        1668335	        1641732
20.375	      -0.000691	        1707052	        1677819	        1647448
20.625	       0.000962	        1716682	        1686921	        1658756
20.875	       0.001153	        1729524	        1697871	        1668142
21.125	      -0.000162	        1735120	        1706968	        1678544
21.375	       0.003316	        1746502	        1715719	        1690542
21.625	       0.001487	        1752114	        1724129	        1698670
21.875	      -0.004284	        1756830	        1735808	        1707472
22.125	      -0.001405	        1771376	        1745455	        1717122
22.375	      -0.001070	        1787196	        1756561	        1724082
22.625	       0.007207	        1796262	        1760705	        1737672
22.875	       0.000187	        1797136	        1770208	        1743606
23.125	       0.001917	        1811518	        1779461	        1750760
23.375	       0.001537	        1815722	        1786415	        1759812
23.625	      -0.005616	        1818768	        1797388	        1766090
23.875	      -0.001674	        1822902	        1800842	        1775810
24.125	      -0.003366	        1831144	        1810631	        1784112
24.375	      -0.003452	        1841190	        1817467	        1787574
24.625	       0.001753	        1849552	        1822148	        1797896
24.875	      -0.000330	        1851154	        1828773	        1805796
25.125	       0.001441	        1861592	        1834857	        1810732
25.375	      -0.002567	        1864424	        1842378	        1815672
25.625	      -0.004641	        1866718	        1848434	        1821696
25.875	      -0.004116	        1871896	        1853437	        1827456
26.125	      -0.000510	        1877600	        1855744	        1832954
26.375	       0.003718	        1890444	        1861710	        1839816
26.625	       0.004066	        1894096	        1865898	        1845202
26.875	       0.001234	        1900188	        1873492	        1849078
27.125	      -0.001319	        1898544	        1877021	        1853054
27.375	      -0.003816	        1903558	        1883472	        1856302
27.625	      -0.003139	        1909170	        1888944	        1862870
27.875	      -0.001018	        1910002	        1889162	        1866422
28.125	       0.005620	        1919124	        1889859	        1871110
28.375	       0.002889	        1921978	        1894853	        1873140
28.625	       0.004501	        1919960	        1897040	        1882594
28.875	       0.000317	        1922482	        1901104	        1880322
29.125	      -0.000725	        1923472	        1905125	        1885412
29.375	      -0.003261	        1921264	        1905523	        1883640
29.625	      -0.002510	        1928806	        1910370	        1887198
29.875	       0.001633	        1932880	        1910020	        1890246
30.125	      -0.000679	        1929244	        1911100	        1891672
30.375	      -0.001604	        1930378	        1914268	        1895118
30.625	      -0.003358	        1931908	        1917352	        1896428
30.875	      -0.008794	        1926664	        1921217	        1899070
31.125	      -0.003940	        1934800	        1921303	        1900318
31.375	      -0.000399	        1936784	        1918837	        1900132
31.625	      -0.003436	        1933552	        1922684	        1905270
31.875	      -0.000841	        1937218	        1920239	        1901660
32.125	       0.000685	        1939312	        1921681	        1905356
32.375	       0.001604	        1940864	        1919768	        1901722
32.625	       0.000122	        1943626	        1922520	        1901646
32.875	       0.001969	        1939236	        1922137	        1908796
33.125	       0.000482	        1939390	        1919583	        1900692
33.375	       0.000376	        1939134	        1920443	        1902468
33.625	       0.001771	        1937874	        1920616	        1906734
33.875	      -0.001183	        1934598	        1920336	        1903822
34.125	       0.002686	        1938124	        1919016	        1905024
34.375	       0.001613	        1935822	        1917131	        1901508
34.625	       0.002071	        1931094	        1915675	        1904200
34.875	       0.001664	        1926510	        1912621	        1901896
35.125	      -0.002816	        1919106	        1910687	        1896926
35.375	      -0.001770	        1916302	        1909383	        1899102
35.625	      -0.002397	        1917498	        1908299	        1894558
35.875	      -0.005248	        1912002	        1908729	        1895508
36.125	       0.000518	        1913062	        1903768	        1895456
36.375	      -0.004700	        1906524	        1902440	        1889476
36.625	      -0.004516	        1904362	        1899981	        1887078
36.875	      -0.002111	        1901808	        1895081	        1884376
37.125	      -0.004655	        1894364	        1892833	        1882538
37.375	      -0.001088	        1895040	        1889130	        1881174
37.625	      -0.001260	        1891288	        1884738	        1875824
37.875	      -0.002978	        1883328	        1881963	        1875014
38.125	       0.001106	        1887172	        1877224	        1869344
38.375	      -0.001204	        1881366	        1875043	        1866472
38.625	      -0.000098	        1874176	        1868979	        1863600
38.875	      -0.005003	        1870286	        1868419	        1857260
39.125	       0.001728	        1867242	        1859732	        1855428
39.375	      -0.002201	        1862656	        1859298	        1851864
39.625	       0.001806	        1863346	        1853713	        1847416
39.875	      -0.001421	        1856308	        1848779	        1838638
40.125	       0.004191	        1844462	        1839535	        1842330
40.375	       0.000710	        1846696	        1839209	        1833024
40.625	       0.002411	        1836934	        1831576	        1830632
40.875	       0.003170	        1835392	        1826579	        1823546
41.125	       0.001882	        1826860	        1820856	        1818274
41.375	       0.003269	        1821660	        1814781	        1813832
41.625	       0.000916	        1813012	        1810667	        1809980
41.875	      -0.000265	        1807496	        1804648	        1801322
42.125	      -0.004619	        1796138	        1800461	        1796486
42.375	      -0.002243	        1787828	        1792395	        1792940
42.625	      -0.001821	        1790736	        1790581	        1787172
42.875	      -0.006753	        1778570	        1783611	        1776654
43.125	      -0.003886	        1775078	        1776676	        1771390
43.375	      -0.004190	        1769868	        1770397	        1763536
43.625	      -0.002864	        1762634	        1763077	        1758484
43.875	      -0.003715	        1754028	        1755971	        1751408
44.125	      -0.002137	        1746568	        1748379	        1746458
44.375	      -0.000524	        1745208	        1741614	        1737110
44.625	      -0.001984	        1736394	        1735305	        1730782
44.875	      -0.001802	        1725318	        1726643	        1724860
45.125	      -0.002425	        1719952	        1719467	        1714824
45.375	       0.000589	        1714528	        1710171	        1706820
45.625	      -0.002235	        1700756	        1702669	        1700780
45.875	      -0.001543	        1692712	        1695122	        1694916
46.125	      -0.005200	        1686900	        1689136	        1682622
46.375	      -0.001586	        1675988	        1678974	        1679296
46.625	      -0.003488	        1666384	        1669620	        1667042
46.875	      -0.001866	        1661036	        1663226	        1662314
47.125	      -0.003336	        1645964	        1649811	        1648160
47.375	      -0.000937	        1635956	        1640209	        1642922
47.625	       0.000349	        1635534	        1633194	        1631424
47.875	       0.002632	        1627314	        1624480	        1625926
48.125	       0.001109	        1610812	        1614274	        1619532
48.375	      -0.001256	        1601330	        1604942	        1606536
48.625	       0.000288	        1593918	        1594784	        1596110
48.875	      -0.000741	        1579940	        1586498	        1591876
49.125	      -0.001185	        1571786	        1577322	        1580984
49.375	      -0.005359	        1558416	        1569078	        1571320
49.625	      -0.000594	        1552778	        1557752	        1561798
49.875	      -0.003795	        1545396	        1551913	        1552538
50.125	       0.004060	        1534488	        1536681	        1545148
50.375	      -0.001630	        1521244	        1528644	        1533544
50.625	      -0.001482	        1513474	        1519710	        1523688
50.875	      -0.000108	        1499736	        1507121	        1514342
51.125	      -0.002741	        1488638	        1498719	        1504676
51.375	      -0.000772	        1479866	        1486845	        1492672
51.625	      -0.001971	        1465604	        1476562	        1484594
51.875	      -0.004370	        1459684	        1470380	        1474632
52.125	      -0.003801	        1443804	        1455788	        1462214
52.375	      -0.002279	        1437702	        1445530	        1450054
52.625	      -0.000254	        1424076	        1432168	        1439894
52.875	      -0.004185	        1410266	        1424041	        1431824
53.125	       0.000132	        1398434	        1411470	        1424694
53.375	      -0.001546	        1393396	        1403476	        1411374
53.625	      -0.006136	        1380430	        1392861	        1396722
53.875	       0.003052	        1372372	        1379058	        1389986
54.125	      -0.002774	        1355922	        1371308	        1382858
54.375	      -0.002512	        1345030	        1358279	        1368092
54.625	      -0.001519	        1336536	        1347985	        1357372
54.875	      -0.001582	        1324306	        1337479	        1348518
55.125	       0.005906	        1317844	        1323607	        1337268
55.375	       0.006642	        1302734	        1312967	        1332048
55.625	       0.005438	        1288352	        1298885	        1316578
55.875	       0.005538	        1278116	        1287679	        1304466
56.125	       0.002355	        1261652	        1277227	        1295854
56.375	       0.000280	        1250842	        1267689	        1284896
56.625	      -0.001851	        1236234	        1255641	        1272692
56.875	      -0.003048	        1220460	        1242651	        1260998
57.125	      -0.002096	        1209848	        1231851	        1251232
57.375	      -0.011480	        1190612	        1221562	        1238296
57.625	      -0.005920	        1184242	        1210982	        1230438
57.875	      -0.011971	        1169854	        1200079	        1215750
58.125	      -0.001523	        1162896	        1186355	        1207974
58.375	      -0.000321	        1155370	        1175414	        1195074
58.625	       0.003609	        1145620	        1162206	        1183062
58.875	       0.001049	        1132904	        1152907	        1174142
59.125	       0.001175	        1122110	        1141434	        1162124
59.375	       0.000861	        1110506	        1129796	        1150076
59.625	       0.006658	        1101988	        1116732	        1139060
59.875	       0.001995	        1087256	        1105291	        1125572
60.125	      -0.005933	        1066498	        1093431	        1113756
60.375	      -0.001470	        1058668	        1080545	        1100804
60.625	      -0.001826	        1043628	        1068223	        1090826
60.875	      -0.002367	        1032586	        1057025	        1078910
61.125	      -0.006794	        1018916	        1045757	        1065360
61.375	       0.001455	        1010096	        1030659	        1052754
61.625	      -0.005441	         995774	        1020993	        1040550
61.875	      -0.007150	         985290	        1009160	        1025696
62.125	      -0.002938	         973102	         996809	        1017526
62.375	      -0.000416	         962172	         984189	        1005788
62.625	      -0.004302	         946480	         971391	         992034
62.875	      -0.002282	         934664	         958016	         979134
63.125	      -0.004759	         920266	         946175	         967480
63.375	      -0.001647	         905796	         932073	         956774
63.625	      -0.003001	         892654	         918553	         941626
63.875	      -0.005473	         878878	         907549	         931124
